c=
  83  18 -99 -25  78 -93  69 -47  35  50  80  30 -32 -50   0   0   0   0   0   0 

A=
  55   4  29  47   4  99  44 100 -24  73   4  85  46  20   0   0   0   0   0   0 
  98 -97  64  58  50  94  55  12  55  -4 -99 -87   6 -24   0   0   0   0   0   0 
  33  55 -31 -42  90  94  10  44 -89  17   8  24 -10  21   0   0   0   0   0   0 
   3 -54  60 -17  66  46  54  24 -92  59 -34 -24  91  62   0   0   0   0   0   0 
  75  86  74  85  99  65  94  89  87  58  82  54  86  64   1   0   0   0   0   0 
  46 -83 -95 -59   7  52  83  86  74  25   7  96  30  54   0   1   0   0   0   0 
 -82  81  61  -5 -18 -14 -87  73  32  90  -7 -92  59 -18   0   0   1   0   0   0 
  69 -59  81 -44 -50 -72  53 -28  91  -8  22  -6  11 -57   0   0   0  -1   0   0 
  84  29  -1  84  83  14  29 -26  -9  97 -80  87  -9  84   0   0   0   0  -1   0 
  58  80  -2  27  22 -79  77   5  87  85 -26 -45  -5 -84   0   0   0   0   0  -1 

b=
  586  181  224  244 1099  324   74    2  465  199 

