c=
  -7  -4 -32 -87 -61  81  42 -81  41  30 -93 -35 -57  20   0   0   0   0   0   0 

A=
   65  -42  -56  -48   35   83  -31  -32   77   33   97   34   45 -100    0    0    0    0   0    0 
  -11   47   44  -64   54  -62   72  -71   85   17   76  -70  -87   61    0    0    0    0   0    0 
   63   66   19   82   50   86   39   -9   76  -70    7  -58   13  -77    0    0    0    0   0    0 
  -94  -39   91   -5  -24   18   60   75    5   18   22  -65   58   38    0    0    0    0   0    0 
   76   83   76   53   72   53   94   53   68   82   77   70   61   56    1    0    0    0   0    0
  -21   94  -40   88   63  -36  -62   14   85  -50  -68   30  -12  -63    0   -1    0    0   0    0 
  -38  -78   65  -15   26  -77  -55   54   54   73  -31   48  -29   67    0    0   -1    0   0    0
   67   11   47   14  -75  -62   94   45   35  -58  -60   40   89   52    0    0    0   -1   0    0
  -73   48  100  -52   58   95   94   61   36   82  -35   67  -80  -47    0    0    0    0  -1    0
   40  -73    0  -57   76  -44   23   88  -32  -34  -26   69   23   48    0    0    0    0   0    1

b=
 160  91 287 158 975  21  63 238 353 102