c=
 -97 -62  35  50   1  90 -23  86  11  46 100  27  83  90   0   0   0   0   0   0 

A=
   16 -100   87   87   -2   48   12   27  -35   25    2   44  -83  -30    0    0    0    0    0    0
  -38   45   96  -58    2   35  -18  -64   22   66  -71  -53  -43   80    0    0    0    0    0    0
  -34   99   75  -41   47   -2  -49   66   49   77  -26   20   61  -97    0    0    0    0    0    0
   18   85  -43  -52   57  -49  -30  -78   -2   40  100   92   21  -52    0    0    0    0    0    0
 -100  -33   67  -28    3  -40   40   83   18   99    3  -62    7   75    1    0    0    0    0    0
   78  -39  -66   -8  -27   74   98   58   -2   42  -13   87   23   35    0   -1    0    0    0    0
   31   94  -82   15   53   43   69   56   68   78   94   82   62   93    0    0    1    0    0    0
   58   72   23    8   19    9   86   17   91  100   53   42   32   24    0    0    0    1    0    0
    3   73   93    5   64    8   33   50   42   83  100   14    8   21    0    0    0    0    1    0
   43   82   32   93   29   87  100   81    9   94   43    2   20   28    0    0    0    0    0    1

b=
  98   1 245 107 133 339 757  55  98  76 
