c=
 -100  -80  -86  -84  -51  -34  -80  -38  -57  -33  -78  -36  -83  -84    0    0    0    0    0    0    0    0    0    0

A=
  32  42  44  13  32  61  65  69  27  73  90  49  34  51  -1   0   0   0   0   0   0   0    0   0
  44  40  18  94  52  55  19  83  45  83 100  65  50  65   0  -1   0   0   0   0   0   0    0   0
  46  83  69  31 100  55  58  68  49  31  73  49  77  73   0   0  -1   0   0   0   0   0    0   0
  41  98  77  74  56  94  37  97  82  83  94  19  64  90   0   0   0  -1   0   0   0   0    0   0 
  39  85  28  16  30  57  78  75  51  87  79  59  76  90   0   0   0   0  -1   0   0   0    0   0
  94  50  19   5  98  57  87  79  40   1  67  93  23  17   0   0   0   0   0  -1   0   0    0   0
   4  80  16  26   3   9  53  97  25   6  99  95  51  65   0   0   0   0   0   0  -1   0    0   0
  95  60  51  41   4  43  41  85 100  46  55  52   9  75   0   0   0   0   0   0   0  -1    0   0
  34  44  13  62   5  85  32   6  76  90  34   5  49  43   0   0   0   0   0   0   0   0   -1   0
  11  54  95  19  95  34   8  56  45  44  94  11  23  22   0   0   0   0   0   0   0   0    0  -1

b=
  681  812  861 1005  849  729  628  756  577  610 
