c=
  20  77 -30 -69 -11 -51  -5  83  64 -48  -6  76 -69 -87   0   0   0   0   0   0 

A=
  -49   21  -77    6    7   51   87    4   -1   15   91    1   13    9    0    0    0    0    0    0
    8  -61   -9   41   70  -52  -69    0   24   29   83   21   -4   27    0    0    0    0    0    0
  -40  -37   64   88   58   -4  -19   -5  -27  -20  -83   33  -54   86    0    0    0    0    0    0
  -11   24   14   -2   -7  -23   85   51   79  -23   13   14  -20   53    0    0    0    0    0    0
   71   57   73   98   53   52   66   97   61   82   90   80   65   90    1    0    0    0    0    0
   80  -49   12  -17   17   63   94   50  -83   48   60  -60  -47   78    0   -1    0    0    0    0
   90  -44   40   84   42  -26   94   64   51  -40  -69  -55  -58  -25    0    0    1    0    0    0
   43   43   54  -45   88   -7    5  -85   94  -18   25   21    6   -9    0    0    0    1    0    0
  -94   72  -90  -18   24   -7   80  -66   97  -86   45   78 -100   77    0    0    0    0    1    0
   62   99   68   39  -38   37   65    6   31   47  -92   96   33  -81    0    0    0    0    0   -1

b=
  178  108   40  247 1036  245  149  216   13  371